3
3,0.6112099644128114;
6,0.6218861209964412;
9,0.6352313167259787;
12,0.6476868327402135;
15,0.6387900355871886;
18,0.6370106761565836;
5
3,0.8202846975088968;
6,0.8354092526690391;
9,0.8398576512455516;
12,0.8380782918149466;
15,0.8434163701067615;
18,0.8416370106761566;
7
3,0.896797153024911;
6,0.9092526690391459;
9,0.9110320284697508;
12,0.9119217081850534;
15,0.9145907473309609;
18,0.9163701067615658;
10
3,0.902135231316726;
6,0.9208185053380783;
9,0.9350533807829181;
12,0.9323843416370107;
15,0.9350533807829181;
18,0.9323843416370107;
15
3,0.9012455516014235;
6,0.9208185053380783;
9,0.9350533807829181;
12,0.9341637010676157;
15,0.9377224199288257;
18,0.9332740213523132;
20
3,0.9012455516014235;
6,0.9208185053380783;
9,0.9350533807829181;
12,0.9341637010676157;
15,0.9377224199288257;
18,0.9332740213523132;
3
3,0.5969750889679716;
6,0.7793594306049823;
9,0.844306049822064;
12,0.8620996441281139;
15,0.8834519572953736;
18,0.8887900355871886;
5
3,0.8398576512455516;
6,0.8994661921708185;
9,0.9137010676156584;
12,0.9377224199288257;
15,0.9519572953736655;
18,0.9590747330960854;
7
3,0.8994661921708185;
6,0.9457295373665481;
9,0.958185053380783;
12,0.9608540925266904;
15,0.9653024911032029;
18,0.9670818505338078;
10
3,0.9279359430604982;
6,0.9599644128113879;
9,0.9688612099644128;
12,0.9715302491103203;
15,0.9733096085409253;
18,0.9759786476868327;
15
3,0.09875444839857651;
6,0.09875444839857651;
9,0.09875444839857651;
12,0.09875444839857651;
15,0.09875444839857651;
18,0.09875444839857651;
20
3,0.09875444839857651;
6,0.09875444839857651;
9,0.09875444839857651;
12,0.09875444839857651;
15,0.09875444839857651;
18,0.09875444839857651;
